0.000000 10.000000
-0.011111 11.111050
-0.037499 12.499660
-0.085709 14.284621
-0.166644 16.663804
-0.299920 19.993168
-0.524744 24.984144
-0.932508 33.295161
-1.796947 49.893628
-4.481602 99.523913
-1177.986998 21396.344638
6.632796 -100.350945
3.909275 -50.017233
3.037219 -33.283848
2.626270 -24.920111
2.399373 -19.898705
2.264291 -16.546422
2.181505 -14.146770
2.131241 -12.341680
2.102494 -10.932279
2.088637 -9.799254
2.085428 -8.866676
2.090015 -8.083916
2.100398 -7.415914
2.115123 -6.837616
2.133095 -6.330640
2.153470 -5.881191
2.175573 -5.478715
2.198855 -5.114997
2.222852 -4.783551
2.247170 -4.479185
2.271459 -4.197699
2.295408 -3.935658
2.318732 -3.690229
2.341166 -3.459060
2.362463 -3.240180
2.382386 -3.031935
2.400707 -2.832927
2.417206 -2.641972
2.431669 -2.458065
2.443886 -2.280354
2.453652 -2.108116
2.460766 -1.940741
2.465029 -1.777717
2.466248 -1.618616
2.464234 -1.463089
2.458801 -1.310852
2.449772 -1.161685
2.436974 -1.015421
2.420243 -0.871946
2.399422 -0.731191
2.374366 -0.593132
2.344939 -0.457782
2.311019 -0.325193
2.272498 -0.195452
2.229284 -0.068675
2.181300 0.054988
2.128492 0.175365
2.070822 0.292254
2.008279 0.405434
1.940873 0.514659
1.868639 0.619670
1.791644 0.720187
1.709978 0.815922
1.623767 0.906571
1.533165 0.991828
1.438360 1.071377
1.339575 1.144906
1.237069 1.212100
1.131133 1.272652
1.022097 1.326263
0.910329 1.372649
0.796228 1.411539
0.680233 1.442686
0.562817 1.465866
0.444485 1.480884
0.325774 1.487580
0.207253 1.485827
0.089517 1.475543
-0.026817 1.456690
-0.141107 1.429279
-0.252698 1.393373
-0.360921 1.349092
-0.465100 1.296614
-0.564556 1.236178
-0.658616 1.168089
-0.746616 1.092714
-0.827907 1.010488
-0.901868 0.921914
-0.967906 0.827559
-1.025467 0.728055
-1.074043 0.624101
-1.113181 0.516453
-1.142488 0.405926
-1.161640 0.293387
-1.170391 0.179748
-1.168576 0.065965
-1.156120 -0.046977
-1.133043 -0.158066
-1.099467 -0.266276
-1.055615 -0.370575
-1.001821 -0.469939
-0.938526 -0.563360
-0.866283 -0.649861
-0.785754 -0.728507
-0.697708 -0.798419
-0.603021 -0.858788
-0.502662 -0.908884
-0.397698 -0.948076
-0.289275 -0.975837
-0.178611 -0.991760
-0.066989 -0.995570
0.044268 -0.987130
0.153799 -0.966450
0.260233 -0.933696
0.362201 -0.889194
0.458356 -0.833431
0.547395 -0.767058
0.628076 -0.690884
0.699242 -0.605876
0.759840 -0.513148
0.808940 -0.413953
0.845760 -0.309668
0.869675 -0.201778
0.880243 -0.091860
0.877211 0.018440
0.860533 0.127434
0.830378 0.233410
0.787134 0.334669
0.731408 0.429546
0.664033 0.516444
0.586052 0.593864
0.498716 0.660434
0.403462 0.714941
0.301903 0.756355
0.195797 0.783857
0.087025 0.796865
-0.022444 0.795048
-0.130583 0.778346
-0.235349 0.746980
-0.334719 0.701459
-0.426734 0.642576
-0.509537 0.571408
-0.581420 0.489300
-0.640861 0.397847
-0.686564 0.298871
-0.717494 0.194387
-0.732910 0.086571
-0.732388 -0.022290
-0.715847 -0.129838
-0.683555 -0.233696
-0.636141 -0.331526
-0.574590 -0.421080
-0.500230 -0.500258
-0.414715 -0.567159
-0.319995 -0.620138
-0.218276 -0.657853
-0.111977 -0.679306
-0.003673 -0.683880
0.103961 -0.671366
0.208217 -0.641985
0.306426 -0.596388
0.396025 -0.535663
0.474628 -0.461308
0.540101 -0.375214
0.590621 -0.279618
0.624739 -0.177057
0.641434 -0.070303
0.640147 0.037705
0.620821 0.143943
0.583908 0.245382
0.530376 0.339082
0.461696 0.422276
0.379810 0.492460
0.287088 0.547477
0.186267 0.585591
0.080378 0.605553
-0.027340 0.606655
-0.133538 0.588767
-0.234859 0.552355
-0.328047 0.498489
-0.410055 0.428816
-0.478153 0.345532
-0.530025 0.251314
-0.563861 0.149251
-0.578433 0.042743
-0.573148 -0.064602
-0.548092 -0.169089
-0.504041 -0.267066
-0.442454 -0.355052
-0.365436 -0.429870
-0.275682 -0.488767
-0.176394 -0.529526
-0.071171 -0.550564
0.036112 -0.551008
0.141442 -0.530743
0.240820 -0.490441
0.330416 -0.431548
0.406721 -0.356256
0.466694 -0.267429
0.507892 -0.168509
