0.000000 10.000000
-0.010000 9.999950
-0.029999 9.999775
-0.059997 9.999415
-0.099991 9.998780
-0.149978 9.997750
-0.209951 9.996176
-0.279902 9.993877
-0.359819 9.990643
-0.449684 9.986237
-0.549475 9.980388
-0.659162 9.972798
-0.778705 9.963139
-0.908054 9.951056
-1.047148 9.936162
-1.195911 9.918045
-1.354251 9.896262
-1.522058 9.870347
-1.699201 9.839805
-1.885526 9.804116
-2.080854 9.762737
-2.284976 9.715100
-2.497656 9.660619
-2.718621 9.598683
-2.947562 9.528668
-3.184133 9.449931
-3.427943 9.361816
-3.678557 9.263659
-3.935493 9.154783
-4.198217 9.034512
-4.466141 8.902165
-4.738623 8.757065
-5.014960 8.598545
-5.294389 8.425947
-5.576084 8.238632
-5.859152 8.035981
-6.142637 7.817407
-6.425513 7.582355
-6.706686 7.330312
-6.984991 7.060814
-7.259199 6.773450
-7.528009 6.467874
-7.790054 6.143810
-8.043904 5.801061
-8.288066 5.439517
-8.520989 5.059165
-8.741069 4.660096
-8.946653 4.242513
-9.136045 3.806741
-9.307515 3.353237
-9.459308 2.882594
-9.589649 2.395555
-9.696759 1.893013
-9.778863 1.376025
-9.834204 0.845815
-9.861058 0.303780
-9.857748 -0.248504
-9.822659 -0.809282
-9.754257 -1.376615
-9.651109 -1.948377
-9.511897 -2.522261
-9.335444 -3.095778
-9.120730 -3.666262
-8.866915 -4.230877
-8.573360 -4.786624
-8.239650 -5.330356
-7.865615 -5.858786
-7.451352 -6.368507
-6.997243 -6.856011
-6.503978 -7.317707
-5.972574 -7.749951
-5.404389 -8.149067
-4.801143 -8.511383
-4.164923 -8.833259
-3.498202 -9.111127
-2.803841 -9.341526
-2.085094 -9.521143
-1.345610 -9.646858
-0.589427 -9.715784
0.179038 -9.725317
0.954997 -9.673180
1.733317 -9.557471
2.508542 -9.376711
3.274923 -9.129889
4.026453 -8.816508
4.756915 -8.436630
5.459927 -7.990911
6.128998 -7.480645
6.757589 -6.907789
7.339184 -6.274993
7.867356 -5.585623
8.335852 -4.843768
8.738670 -4.054253
9.070145 -3.222627
9.325042 -2.355156
9.498639 -1.458798
9.586826 -0.541165
9.586189 0.389519
9.494101 1.324480
9.308806 2.254464
9.029498 3.169816
8.656394 4.060583
8.190799 4.916613
7.635156 5.727679
6.993091 6.483603
6.269436 7.174398
5.470245 7.790412
4.602784 8.322479
3.675510 8.762077
2.698023 9.101487
1.681001 9.333948
0.636115 9.453815
-0.424083 9.456706
-1.486292 9.339641
-2.536614 9.101174
-3.560729 8.741498
-4.544092 8.262544
-5.472141 7.668044
-6.330527 6.963585
-7.105354 6.156617
-7.783428 5.256442
-8.352510 4.274168
-8.801576 3.222621
-9.121062 2.116226
-9.303111 0.970854
-9.341801 -0.196378
-9.233346 -1.367337
-8.976285 -2.523136
-8.571625 -3.644436
-8.022956 -4.711768
-7.336518 -5.705888
-6.521223 -6.608143
-5.588625 -7.400852
-4.552835 -8.067693
-3.430376 -8.594089
-2.239981 -8.967575
-1.002338 -9.178156
0.260237 -9.218625
1.524166 -9.084850
2.765032 -8.776005
3.958052 -8.294748
5.078578 -7.647334
6.102627 -6.843652
7.007434 -5.897183
7.772008 -4.824872
8.377673 -3.646919
8.808600 -2.386475
9.052295 -1.069249
9.100036 0.276961
8.947246 1.622818
8.593792 2.938074
8.044181 4.192241
7.307659 5.355320
6.398197 6.398550
5.334349 7.295174
4.138988 8.021194
2.838918 8.556092
1.464355 8.883506
0.048292 8.991831
-1.374246 8.874719
-2.767046 8.531471
-4.093621 7.967287
-5.318190 7.193374
-6.406686 6.226883
-7.327769 5.090676
-8.053810 3.812919
-8.561829 2.426498
-8.834333 0.968267
-8.860046 -0.521866
-8.634478 -2.001980
-8.160329 -3.429307
-7.447687 -4.761481
-6.514005 -5.957828
-5.383857 -6.980685
-4.088442 -7.796670
-2.664868 -8.377894
-1.155196 -8.703048
0.394713 -8.758327
1.936542 -8.538160
3.420996 -8.045690
4.799399 -7.292996
6.025334 -6.301015
7.056288 -5.099157
7.855239 -3.724610
8.392127 -2.221344
8.645143 -0.638821
8.601789 0.969543
8.259648 2.548136
7.626820 4.041060
6.722000 5.394150
5.574155 6.557007
4.221809 7.484992
2.711934 8.141084
1.098466 8.497535
-0.559511 8.537238
-2.199864 8.254738
-3.759718 7.656834
-5.177896 6.762718
-6.397394 5.603621
-7.367794 4.221964
-8.047515 2.670008
