0.000000 10.000000
-0.010101 10.100959
-0.030612 10.203848
-0.061853 10.308662
-0.104157 10.415364
-0.157870 10.523883
-0.223349 10.634115
-0.300964 10.745919
-0.391097 10.859113
-0.494140 10.973476
-0.610497 11.088745
-0.740580 11.204609
-0.884811 11.320713
-1.043617 11.436649
-1.217433 11.551958
-1.406694 11.666128
-1.611838 11.778587
-1.833299 11.888705
-2.071510 11.995787
-2.326892 12.099074
-2.599856 12.197739
-2.890797 12.290885
-3.200089 12.377541
-3.528081 12.456659
-3.875091 12.527115
-4.241399 12.587705
-4.627242 12.637140
-5.032808 12.674049
-5.458224 12.696976
-5.903554 12.704377
-6.368785 12.694622
-6.853821 12.665991
-7.358471 12.616680
-7.882441 12.544796
-8.425320 12.448363
-8.986572 12.325320
-9.565521 12.173529
-10.161339 11.990775
-10.773033 11.774773
-11.399432 11.523174
-12.039173 11.233572
-12.690684 10.903513
-13.352172 10.530505
-14.021607 10.112030
-14.696708 9.645555
-15.374924 9.128551
-16.053424 8.558507
-16.729078 7.932948
-17.398443 7.249458
-18.057749 6.505701
-18.702887 5.699448
-19.329393 4.828604
-19.932436 3.891233
-20.506810 2.885599
-21.046922 1.810192
-21.546784 0.663772
-22.000006 -0.554598
-22.399794 -1.845504
-22.738945 -3.209139
-23.009846 -4.645253
-23.204480 -6.153110
-23.314430 -7.731425
-23.330884 -9.378320
-23.244651 -11.091259
-23.046169 -12.866992
-22.725527 -14.701492
-22.272484 -16.589892
-21.676488 -18.526419
-20.926706 -20.504323
-20.012047 -22.515806
-18.921197 -24.551953
-17.642641 -26.602647
-16.164697 -28.656494
-14.475542 -30.700736
-12.563235 -32.721158
-10.415736 -34.701988
-8.020909 -36.625791
-5.366526 -38.473339
-2.440234 -40.223474
0.770489 -41.852938
4.278417 -43.336172
8.096710 -44.645067
12.239095 -45.748657
16.720147 -46.612725
21.555668 -47.199285
26.763218 -47.465920
32.362860 -47.364872
38.378175 -46.841838
44.837694 -45.834293
51.776890 -44.269179
59.241013 -42.059612
67.289168 -39.100158
76.000291 -35.259871
85.482121 -30.371834
95.885024 -24.216963
107.424004 -16.498141
120.415139 -6.797293
135.338801 5.499270
152.955774 21.338188
174.536316 42.270275
202.355166 71.037030
240.899269 113.002187
300.363943 180.296610
409.832635 307.444865
698.268688 647.395660
4400.739822 5035.964519
-766.065332 -1090.986630
-293.527210 -530.738289
-151.906074 -362.130063
-82.544872 -278.456183
-40.851008 -226.829873
-12.828034 -190.647734
7.311740 -163.045741
22.388380 -140.685291
33.935973 -121.759646
42.858511 -105.216540
49.722764 -90.411132
54.902854 -76.934698
58.657407 -64.523195
61.173361 -53.005231
62.592156 -42.270844
63.026050 -32.251853
62.568644 -22.908966
61.301863 -14.222973
59.300667 -6.188500
56.636258 1.190577
53.378270 7.904619
49.596219 13.940958
45.360417 19.286089
40.742472 23.927475
35.815468 27.855050
30.653887 31.062468
25.333311 33.548157
19.929951 35.316176
14.520034 36.376905
9.179055 36.747564
3.980950 36.452570
-1.002818 35.523720
-5.704217 34.000214
-10.059629 31.928511
-14.010838 29.362008
-17.505993 26.360566
-20.500532 22.989857
-22.958025 19.320576
-24.850928 15.427487
-26.161220 11.388349
-26.880894 7.282721
-27.012292 3.190667
-26.568264 -0.808608
-25.572121 -4.638176
-24.057404 -8.224825
-22.067420 -11.500482
-19.654581 -14.403596
-16.879519 -16.880449
-13.810002 -18.886348
-10.519658 -20.386679
-7.086527 -21.357777
-3.591462 -21.787598
-0.116415 -21.676151
3.257365 -21.035673
6.451175 -19.890531
9.390706 -18.276841
12.007844 -16.241789
14.242384 -13.842672
16.043602 -11.145654
17.371642 -8.224264
18.198672 -5.157665
18.509767 -2.028720
18.303482 1.078094
17.592087 4.078880
16.401441 6.892562
14.770494 9.443123
12.750410 11.661758
10.403323 13.488903
7.800748 14.876048
5.021673 15.787293
2.150378 16.200576
-0.725967 16.108531
-3.519851 15.518929
-6.146069 14.454670
-8.524358 12.953311
-10.581962 11.066125
-12.256033 8.856701
-13.495779 6.399106
-14.264282 3.775667
-14.539922 1.074408
-14.317314 -1.613764
-13.607752 -4.198048
-12.439073 -6.590826
-10.854972 -8.710703
-8.913727 -10.485424
-6.686395 -11.854543
-4.254489 -12.771753
-1.707223 -13.206760
0.861600 -13.146638
3.356949 -12.596569
5.686072 -11.579940
7.762001 -10.137752
9.506943 -8.327345
10.855396 -6.220464
11.756885 -3.900704
