0.000000 10.000000
-0.010040 10.040110
-0.030241 10.080417
-0.060726 10.120860
-0.101617 10.161350
-0.153038 10.201762
-0.215112 10.241941
-0.287963 10.281698
-0.371710 10.320811
-0.466471 10.359021
-0.572359 10.396035
-0.689482 10.431526
-0.817939 10.465128
-0.957821 10.496441
-1.109207 10.525025
-1.272161 10.550405
-1.446732 10.572067
-1.632949 10.589461
-1.830821 10.601996
-2.040330 10.609048
-2.261431 10.609951
-2.494046 10.604008
-2.738063 10.590480
-2.993329 10.568600
-3.259650 10.537562
-3.536783 10.496531
-3.824433 10.444643
-4.122251 10.381006
-4.429825 10.304702
-4.746679 10.214795
-5.072268 10.110329
-5.405971 9.990336
-5.747089 9.853837
-6.094840 9.699853
-6.448354 9.527406
-6.806669 9.335525
-7.168728 9.123258
-7.533374 8.889674
-7.899349 8.633876
-8.265288 8.355008
-8.629720 8.052262
-8.991064 7.724894
-9.347632 7.372230
-9.697623 6.993681
-10.039130 6.588753
-10.370136 6.157059
-10.688524 5.698336
-10.992073 5.212453
-11.278472 4.699432
-11.545319 4.159455
-11.790137 3.592882
-12.010377 3.000268
-12.203436 2.382369
-12.366666 1.740165
-12.497391 1.074869
-12.592928 0.387939
-12.650599 -0.318909
-12.667758 -1.043688
-12.641814 -1.784134
-12.570254 -2.537697
-12.450672 -3.301533
-12.280798 -4.072502
-12.058528 -4.847169
-11.781957 -5.621798
-11.449416 -6.392366
-11.059503 -7.154562
-10.611120 -7.903803
-10.103513 -8.635251
-9.536307 -9.343827
-8.909543 -10.024239
-8.223717 -10.671011
-7.479812 -11.278514
-6.679334 -11.841007
-5.824346 -12.352678
-4.917494 -12.807697
-3.962034 -13.200265
-2.961853 -13.524679
-1.921486 -13.775390
-0.846126 -13.947075
0.258371 -14.034710
1.385489 -14.033643
2.528063 -13.939678
3.678298 -13.749154
4.827801 -13.459029
5.967615 -13.066966
7.088275 -12.571414
8.179864 -11.971692
9.232086 -11.268068
10.234353 -10.461831
11.175879 -9.555364
12.045786 -8.552202
12.833225 -7.457086
13.527503 -6.276003
14.118225 -5.016212
14.595442 -3.686262
14.949805 -2.295986
15.172728 -0.856483
15.256556 0.619925
15.194734 2.119751
14.981972 3.628426
14.614413 5.130408
14.089792 6.609307
13.407586 8.048044
12.569152 9.429023
11.577851 10.734336
10.439146 11.945984
9.160684 13.046125
7.752350 14.017335
6.226284 14.842887
4.596872 15.507049
2.880694 15.995382
1.096438 16.295050
-0.735235 16.395124
-2.591864 16.286891
-4.449410 15.964138
-6.282521 15.423427
-8.064843 14.664342
-9.769374 13.689705
-11.368858 12.505753
-12.836217 11.122270
-14.145015 9.552662
-15.269947 7.813977
-16.187350 5.926858
-16.875720 3.915426
-17.316237 1.807088
-17.493273 -0.367734
-17.394882 -2.575953
-17.013264 -4.782244
-16.345175 -6.949550
-15.392278 -9.039666
-14.161435 -11.013886
-12.664902 -12.833711
-10.920436 -14.461611
-8.951292 -15.861826
-6.786111 -17.001181
-4.458675 -17.849924
-2.007540 -18.382539
0.524464 -18.578539
3.090861 -18.423201
5.642297 -17.908229
8.127413 -17.032328
10.493841 -15.801650
12.689287 -14.230114
14.662703 -12.339558
16.365500 -10.159723
17.752805 -7.728047
18.784708 -5.089257
19.427488 -2.294757
19.654763 0.598195
19.448553 3.527506
18.800192 6.427472
17.711085 9.230169
16.193245 11.867002
14.269599 14.270385
11.974031 16.375502
9.351132 18.122122
6.455653 19.456413
3.351639 20.332712
0.111254 20.715183
-3.186700 20.579326
-6.458549 19.913266
-9.617769 18.718767
-12.577227 17.011935
-15.251581 14.823546
-17.559800 12.198972
-19.427710 9.197669
-20.790512 5.892216
-21.595181 2.366890
-21.802655 -1.284199
-21.389752 -4.959402
-20.350706 -8.552207
-18.698261 -11.954236
-16.464242 -15.058497
-13.699564 -17.762795
-10.473613 -19.973208
-6.872986 -21.607508
-2.999593 -22.598418
1.031884 -22.896566
5.097112 -22.473030
9.065749 -21.321337
12.805526 -19.458821
16.186636 -16.927232
19.086318 -13.792538
21.393467 -10.143844
23.013100 -6.091425
23.870526 -1.763880
23.915017 2.695560
23.122824 7.133487
21.499363 11.391408
19.080448 15.311336
15.932439 18.741696
12.151228 21.543334
7.860030 23.595398
3.205978 24.800855
-1.644431 25.091390
-6.510911 24.431452
-11.205851 22.821218
-15.541446 20.298286
-19.337244 16.937927
-22.427827 12.851810
-24.670305 8.185123
